3, 764
3, 192
3, 12
3, 7
3, 0
1, 0
3, 769
3, 192
2, 12
2, 140
3, 0
3, 1007
2, 0
1, 0
2, 0
2, 1
2, 1
1, 0
3, 797
3, 30
3, 0
3, 692
3, 23
1, 76
3, 1060
3, 30
3, 63
1, 133
3, 297
3, 313
3, 183
2, 160
3, 30
1, 37
2, 0
1, 0
3, 484
2, 1
2, 1
3, 376
1, 3
2, 0
1, 0
2, 48
1, 4
1, 0
3, 51
1, 91
2, 29
3, 56
2, 95
3, 81
2, 88
2, 117
2, 56
3, 214
1, 109
2, 0
3, 53
2, 46
3, 71
3, 46
3, 108
3, 100
1, 6
3, 166
2, 0
3, 124
2, 12
1, 22
3, 235
3, 62
2, 7
3, 62
1, 37
2, 0
2, 7
2, 8
2, 33
1, 17
1, 0
1, 0
3, 337
3, 0
3, 108
1, 77
2, 263
3, 127
3, 307
1, 92
2, 4
2, 0
1, 0
1, 0
1, 0
1, 113
1, 0
1, 61
3, 407
2, 172
3, 469
3, 62
3, 46
1, 14
2, 41
3, 284
3, 54
2, 17
2, 39
2, 70
3, 74
2, 80
3, 406
3, 87
3, 112
1, 0
3, 232
3, 45
3, 737
2, 84
2, 95
2, 38
1, 0
2, 39
2, 50
3, 278
3, 464
1, 49
3, 169
2, 2
3, 17
3, 49
3, 49
2, 31
3, 140
3, 336
3, 179
2, 165
3, 644
1, 0
2, 25
3, 85
3, 339
2, 33
3, 194
3, 38
2, 10
2, 158
3, 233
1, 173
3, 249
3, 69
3, 183
3, 670
3, 450
3, 601
3, 1444
3, 59
2, 51
3, 73
2, 131
2, 3
3, 116
2, 116
3, 8
2, 4
3, 209
3, 428
1, 180
3, 188
2, 113
1, 0
3, 126
2, 149
2, 42
3, 378
1, 31
3, 89
3, 254
2, 111
3, 211
2, 45
3, 65
3, 324
1, 59
3, 92
2, 104
3, 149
3, 567
2, 23
3, 357
2, 47
1, 18
3, 336
3, 537
2, 3
3, 18
3, 220
3, 26
3, 64
3, 270
3, 338
3, 611
2, 19
1, 0
3, 35
3, 203
3, 0
1, 102
2, 50
1, 0
3, 92
3, 74
3, 151
2, 73
3, 52
3, 62
3, 86
1, 0
2, 0
1, 0
1, 0
1, 0
3, 599
3, 461
3, 1526
1, 36
1, 26
2, 0
3, 0
3, 547
3, 130
3, 34
2, 26
2, 42
3, 210
2, 92
2, 87
2, 20
2, 9
2, 85
2, 0
3, 61
2, 18
3, 72
2, 17
2, 26
2, 87
3, 37
1, 5
1, 8
1, 26
1, 88
2, 70
3, 33
3, 7
2, 23
1, 8
1, 36
2, 7
2, 9
3, 21
1, 39
1, 74
2, 32
1, 17
1, 33
2, 12
2, 21
3, 196
3, 257
2, 86
3, 344
3, 30
2, 15
2, 144
2, 3
2, 3
2, 8
1, 54
3, 340
1, 6
3, 42
3, 51
3, 232
3, 176
1, 21
3, 251
3, 258
3, 280
3, 230
3, 150
3, 767
3, 75
2, 74
3, 281
3, 187
2, 126
2, 30
3, 424
3, 261
2, 109
1, 0
1, 0
1, 0
2, 153
2, 51
2, 37
2, 106
2, 178
2, 110
2, 108
2, 127
2, 122
2, 112
2, 52
2, 80
2, 103
2, 69
2, 118
2, 63
1, 0
2, 0
3, 863
2, 56
1, 25
2, 243
1, 4
1, 5
1, 43
1, 43
1, 12
3, 399
2, 210
2, 254
2, 0
2, 230
3, 635
2, 221
2, 214
2, 116
2, 7
2, 59
3, 529
3, 591
2, 35
3, 565
2, 1
2, 1
3, 0
3, 140
3, 62
2, 0
3, 69
3, 0
2, 15
1, 87
1, 63
3, 160
3, 130
2, 9
2, 121
3, 135
2, 42
2, 10
2, 64
3, 452
3, 233
1, 31
2, 30
1, 0
1, 141
1, 33
3, 140
3, 369
3, 0
2, 75
3, 315
3, 48
3, 286
1, 0
3, 54
3, 259
2, 71
2, 131
2, 0
3, 0
3, 200
3, 47
3, 127
3, 164
2, 0
3, 0
1, 0
1, 198
3, 122
2, 0
3, 1147
1, 0
1, 34
3, 130
3, 415
3, 0
1, 0
3, 196
3, 99
3, 0
3, 290
2, 208
1, 35
1, 22
2, 0
2, 0
1, 27
3, 1030
2, 0
1, 202
2, 2
3, 90
3, 151
3, 73
3, 372
2, 3
3, 198
2, 59
3, 208
1, 46
1, 36
3, 0
1, 56
1, 39
3, 100
2, 33
3, 139
3, 152
3, 102
2, 44
2, 0
3, 77
3, 247
2, 25
3, 337
3, 195
2, 137
3, 161
2, 105
1, 7
1, 0
1, 211
3, 20
1, 10
1, 10
3, 321
3, 390
2, 47
1, 49
1, 61
1, 28
1, 38
3, 0
2, 64
1, 80
1, 49
3, 51
3, 249
2, 41
2, 52
2, 0
3, 0
3, 36
3, 45
1, 5
3, 453
3, 70
2, 233
2, 152
2, 132
3, 101
3, 224
2, 12
2, 0
3, 102
3, 16
3, 43
2, 28
2, 21
3, 69
3, 22
3, 165
3, 343
2, 16
1, 4
1, 3
3, 133
2, 9
1, 0
3, 380
3, 281
3, 118
3, 355
2, 22
2, 343
2, 25
3, 39
3, 135
2, 0
1, 0
2, 9
3, 10
2, 91
1, 41
2, 22
3, 373
2, 47
3, 56
2, 31
2, 37
2, 6
3, 39
1, 18
1, 56
3, 83
3, 105
2, 101
1, 6
1, 0
2, 67
1, 0
1, 73
2, 15
2, 104
2, 88
2, 141
1, 86
2, 3
2, 49
2, 44
1, 113
2, 111
1, 100
1, 25
1, 21
2, 114
2, 9
2, 1
1, 56
1, 27
1, 12
1, 0
2, 199
2, 34
2, 281
2, 19
2, 4
1, 0
1, 35
1, 39
2, 75
1, 53
1, 50
1, 137
1, 72
1, 70
1, 132
2, 82
2, 48
1, 19
2, 31
2, 63
2, 96
2, 62
1, 0
2, 131
2, 56
2, 92
2, 7
1, 7
2, 66
1, 7
2, 36
1, 5
2, 23
2, 24
1, 7
1, 7
2, 8
2, 61
1, 49
1, 2
1, 39
2, 32
1, 58
2, 8
1, 7
2, 8
2, 0
2, 38
1, 16
2, 12
2, 135
1, 22
2, 3
3, 14
2, 111
3, 99
3, 115
3, 131
1, 38
2, 97
2, 31
1, 0
3, 85
1, 0
2, 115
1, 33
3, 51
1, 22
2, 13
1, 22
2, 79
1, 10
2, 82
1, 0
1, 0
3, 0
1, 13
3, 128
1, 68
1, 91
2, 47
1, 10
1, 0
2, 0
1, 58
3, 91
2, 5
2, 12
3, 423
2, 87
1, 10
1, 45
2, 124
2, 46
3, 0
3, 0
2, 32
2, 51
2, 53
2, 33
3, 461
1, 0
3, 0
2, 125
2, 0
1, 2
3, 703
2, 4
3, 92
2, 2
2, 42
2, 0
3, 0
2, 0
3, 0
1, 491
1, 31
2, 12
2, 53
1, 62
1, 46
2, 0
3, 4
2, 16
2, 12
2, 19
2, 78
2, 0
1, 16
3, 68
3, 0
1, 3
1, 0
1, 62
2, 0
2, 130
2, 79
2, 71
3, 81
2, 81
3, 0
1, 97
2, 20
2, 28
1, 0
1, 0
2, 94
1, 10
1, 181
3, 38
2, 2
1, 23
2, 37
1, 0
1, 90
1, 0
2, 112
2, 103
2, 98
3, 52
2, 7
2, 62
1, 2
2, 100
2, 0
2, 66
3, 63
2, 69
3, 63
2, 70
3, 88
2, 0
3, 17
2, 0
3, 19
2, 0
1, 0
3, 902
3, 955
1, 29
2, 0
2, 182
3, 39
3, 176
3, 0
3, 467
3, 394
3, 424
3, 0
1, 76
3, 158
3, 0
1, 14
1, 7
1, 88
1, 119
1, 1
1, 1
3, 0
3, 44
1, 0
1, 0
3, 279
3, 0
3, 553
3, 10
3, 1086
3, 18
